4294967279,286
4294967294,5
4294967278,321
4294967278,132
4294967278,131
4294967278,130
4294967278,129
4294967278,128
4294967278,127
4294967278,126
4294967278,125
4294967278,318
4294967278,124
4294967278,123
4294967278,122
4294967278,121
4294967278,120
4294967278,115
4294967278,113
4294967278,111
4294967278,110
4294967278,109
4294967278,108
4294967278,107
4294967278,104
4294967278,103
4294967278,102
4294967278,317
4294967278,101
4294967278,100
4294967278,99
4294967278,98
4294967278,97
4294967278,96
4294967278,95
4294967278,92
4294967278,90
4294967278,87
4294967278,86
4294967278,85
4294967278,84
4294967278,83
4294967278,80
4294967278,79
4294967278,78
4294967278,77
4294967278,75
4294967278,74
4294967278,73
4294967278,72
4294967278,71
4294967278,68
4294967278,66
4294967278,64
4294967278,63
4294967278,62
4294967278,61
4294967278,60
4294967278,56
4294967278,55
4294967278,54
4294967278,53
4294967278,52
4294967278,51
4294967278,50
4294967278,49
4294967278,48
4294967278,47
4294967278,46
4294967278,45
4294967278,44
4294967278,43
4294967278,42
4294967278,41
4294967278,40
4294967278,39
4294967278,38
4294967278,37
4294967278,36
4294967279,23
4294967279,22
4294967279,21
4294967279,20
4294967279,391
4294967279,12
4294967279,10
4294967279,9
4294967279,7
4294967279,6
4294967279,5
4294967279,8
4294967279,285
4294967279,284
4294967279,4
4294967278,225
4294967278,119
4294967294,388
4294967294,110
4294967294,408
4294967279,389
4294967278,384
4294967279,255
4294967279,452
4294967278,253
53,7
4294967279,250
53,6
53,5
53,4
53,3
53,2
53,1
4294967294,439
4294967278,118
4294967278,245
4294967278,117
4294967278,243
4294967279,451
4294967294,1026
4294967294,182
4294967294,973
4294967279,243
4294967278,116
4294967278,241
4294967278,238
4294967279,392
4294967278,114
4294967278,237
4294967278,316
4294967278,236
4294967279,450
4294967278,112
4294967278,235
4294967278,232
4294967279,232
4294967278,230
4294967279,230
4294967278,228
4294967278,226
4294967279,225
4294967278,106
4294967278,223
4294967278,105
4294967278,221
4294967279,221
4294967294,114
4294967278,216
4294967279,217
4294967278,214
4294967279,390
4294967279,213
4294967278,211
4294967278,210
4294967278,209
4294967279,449
4294967279,388
4294967278,94
4294967278,314
4294967279,207
4294967279,387
4294967278,93
4294967278,313
4294967278,204
4294967294,482
4294967278,91
4294967278,203
4294967278,312
4294967278,202
4294967279,448
4294967278,89
4294967278,311
4294967279,201
50,6
4294967279,200
50,5
4294967278,198
50,4
50,3
50,2
50,1
4294967278,197
4294967279,318
4294967278,82
4294967278,309
4294967279,316
4294967278,81
4294967278,308
4294967279,315
4294967278,192
4294967279,314
4294967278,191
4294967278,383
4294967279,313
4294967279,190
4294967278,188
4294967278,187
4294967278,186
4294967278,382
4294967279,317
4294967279,311
4294967278,304
4294967279,184
4294967279,310
4294967278,303
4294967279,183
4294967278,181
4294967278,180
4294967278,302
4294967278,179
4294967279,312
4294967278,301
4294967294,975
4294967294,988
4294967278,176
48,6
4294967279,177
48,5
4294967278,175
48,4
48,3
48,2
48,1
4294967278,173
4294967279,306
4294967278,300
4294967279,305
4294967278,299
4294967279,304
4294967278,168
4294967279,303
4294967278,381
4294967279,302
4294967279,166
4294967279,163
4294967278,163
4294967278,380
4294967294,50
4294967279,300
4294967278,295
4294967279,160
4294967279,299
4294967278,294
4294967279,159
4294967279,158
4294967279,157
4294967278,293
4294967279,156
4294967279,301
4294967278,292
4294967279,153
46,5
4294967279,152
46,4
46,3
46,2
46,1
4294967279,151
4294967279,149
4294967278,291
4294967278,290
4294967279,148
45,5
4294967294,977
4294967294,1027
4294967279,146
45,4
4294967279,145
45,3
45,2
45,1
4294967294,481
4294967279,144
4294967279,143
4294967294,9
4294967279,142
4294967294,109
4294967294,451
4294967294,2
4294967279,141
4294967278,140
4294967279,140
4294967279,139
4294967279,138
4294967294,6
4294967279,290
4294967279,283
4294967279,282
4294967279,447
4294967279,446
4294967278,379
4294967278,378
4294967278,267
4294967278,76
4294967278,70
4294967278,69
4294967278,67
4294967278,65
4294967278,59
4294967278,58
4294967278,57
4294967279,265
4294967279,263
4294967294,989
4294967278,286
4294967294,480
4294967278,377
4294967294,89
4294967294,1418
4294967294,984
4294967294,983
4294967294,986
4294967294,978
4294967294,116
4294967294,112
4294967279,445
4294967278,376
4294967278,255
4294967279,444
4294967279,443
4294967279,442
4294967279,260
4294967279,441
4294967278,252
4294967278,250
4294967279,249
4294967278,246
4294967279,240
40,7
40,6
4294967279,238
40,5
40,4
40,3
40,2
40,1
0,7
4294967294,17
4294967279,235
4294967294,1420
4294967294,186
4294967294,1021
4294967294,81
4294967294,91
4294967294,87
4294967294,85
4294967294,1019
4294967294,29
4294967294,413
4294967294,28
4294967294,27
4294967294,1020
4294967294,26
4294967278,233
0,5
4294967279,233
4294967294,22
4294967294,394
4294967294,24
4294967294,67
4294967294,25
4294967294,1035
4294967278,0
4294967294,7
4294967279,231
4294967294,94
4294967294,93
4294967294,96
4294967294,95
4294967279,228
4294967294,8
4294967294,38
4294967294,1422
4294967294,46
4294967294,0
4294967294,393
4294967294,45
4294967294,44
4294967294,53
4294967294,1
4294967294,41
4294967294,1421
4294967294,43
4294967294,1419
4294967293,131
4294967293,130
4294967293,129
4294967293,128
4294967293,127
4294967293,126
